1.237426537201097299e-02 5.653580495850228649e-02 1.101766643004944632e-02 1.077361540301439990e-02
1.169094543646563913e-02 1.170558734436836015e-02 1.391615565872928416e-02 7.045051183670264505e-02
1.694252826141949553e-02 1.697599349762424908e-02 7.358413561507376466e-02 1.660624758556045188e-02
2.033242744807420288e-02 2.017829557655841793e-02 9.656533129056676934e-02 1.972607482358461339e-02
2.560846641161730955e-02 2.944059227648071486e-02 2.860010943479433104e-02 1.165202235512709794e-01
3.077489363663220637e-02 3.462639875337285289e-02 1.297420000735909906e-01 3.186569552863936783e-02
3.608951899958490889e-02 3.777904570286844121e-02 1.398411909088541627e-01 3.901566608734567676e-02
1.499039808115030792e-01 3.947644753283990893e-02 3.962724377924529973e-02 3.985693471289938894e-02
1.143132519796091068e-02 1.069953181816744175e-02 1.041066578203167850e-02 5.411452443029921705e-02
1.302911330271570856e-02 1.266692837327738907e-02 1.178727930685367561e-02 6.511837557896515971e-02
1.288559990968477995e-02 1.436861931343822937e-02 1.431405627907425537e-02 6.748544260103703230e-02
1.400104769016713782e-02 3.585102649475190809e-03 1.285838878364949436e-02 7.300477692373108507e-02
2.396005982211699831e-02 2.542900648329329827e-02 2.257726735375509969e-02 1.148325916493821985e-01
2.662660450392405342e-02 3.213327066469841981e-02 1.139904671475434061e-01 3.368611712367475253e-02
4.164640852334195592e-02 1.577407677106351658e-01 4.010683495312656471e-02 4.022292006717637092e-02
4.270649718256677024e-02 2.269346070608942723e-01 4.299693407974880532e-02 4.279381512202345972e-02
8.656940263042679773e-03 9.416639286327953620e-03 9.575071614332388015e-03 3.647959445839897563e-02
8.598770992521572246e-03 9.377104280348215817e-03 9.157580819643225054e-03 5.236561626295907490e-02
3.406581651653099035e-02 6.352786720455148688e-03 3.512366127671394563e-03 4.304615670775502334e-03
0.000000000000000000e+00 0.000000000000000000e+00 0.000000000000000000e+00 0.000000000000000000e+00
1.103918940160101420e-02 8.539972011889433723e-03 8.138197111139561235e-02 9.948401302450228870e-03
1.687856561001143535e-02 1.119181761844060749e-02 1.762118289104204136e-02 1.623430765075217774e-01
4.550336320257485773e-02 4.644074684305168899e-02 1.975465669121115875e-01 3.942805836868357172e-02
5.529201562278571874e-02 3.600498058174182447e-01 5.773975426794976384e-02 6.036493099129346812e-02
7.174080359586468454e-03 7.585729928671521884e-03 7.560466338793224439e-03 2.846997699463849410e-02
3.853365319481533158e-02 6.418719154294805045e-03 5.573882241736789062e-03 5.845649344870812968e-03
2.307024048797642543e-03 2.415535566280086095e-03 2.305639331362874158e-03 3.188189694889721065e-02
1.836115821779441188e-04 3.191478931759721333e-04 4.325191591711898703e-04 9.410718997704185101e-03
3.046500503888828482e-02 1.966687622808316587e-03 1.997530383010479201e-03 1.421028522652759141e-03
0.000000000000000000e+00 0.000000000000000000e+00 0.000000000000000000e+00 0.000000000000000000e+00
3.529535812768151704e-02 4.337552834586114181e-02 2.431605438466031832e-01 4.793231121405081702e-02
7.520604808789624340e-02 3.693168506297124787e-01 7.534521274776047328e-02 7.432952986932118977e-02
6.245653780338762673e-03 6.205980242584166993e-03 2.384337815500673849e-02 6.392636826999613907e-03
1.649115392698925504e-03 1.517458311954528356e-03 2.395044496364235991e-03 1.575211082946065960e-02
5.476044126923219554e-03 1.868384261730777194e-04 2.675400407712533201e-04 2.642534041554317156e-04
0.000000000000000000e+00 0.000000000000000000e+00 0.000000000000000000e+00 0.000000000000000000e+00
3.293657613334435505e-03 4.109686425048758758e-03 3.960477925237456537e-02 3.802297687022942931e-03
6.776651424299039335e-03 6.131110323265819007e-02 8.184699872165777240e-03 4.035741113293050963e-03
2.119585406510327008e-02 3.145338544229307060e-02 1.383261711034224246e-02 1.181994001795106525e-01
8.675876204951676884e-02 8.540969472820578168e-02 5.448991001639448273e-01 8.860832522344821993e-02
1.923235007259928991e-02 2.921163997823794135e-03 3.913324836640523496e-03 3.724050507871039944e-03
0.000000000000000000e+00 0.000000000000000000e+00 0.000000000000000000e+00 0.000000000000000000e+00
0.000000000000000000e+00 0.000000000000000000e+00 0.000000000000000000e+00 0.000000000000000000e+00
2.204722431945114439e-05 1.705613535953651077e-05 6.964272701541786986e-03 1.621197272092376492e-05
1.117405466187650683e-03 1.052469383476748723e-03 6.665622759289644567e-04 4.039717292617024669e-02
5.660713183055515740e-02 4.317862800709028163e-03 3.001487789823007943e-03 4.321451479836946677e-03
0.000000000000000000e+00 0.000000000000000000e+00 0.000000000000000000e+00 0.000000000000000000e+00
1.435076270743549376e-01 1.644421555516762667e-01 6.188781424083448224e-01 9.815443894615094589e-02
1.167207166965744843e-02 3.118990580119406376e-03 3.266008972068496375e-03 2.466586113168952286e-03
0.000000000000000000e+00 0.000000000000000000e+00 0.000000000000000000e+00 0.000000000000000000e+00
7.702695946983010959e-04 2.616850241153497649e-05 0.000000000000000000e+00 0.000000000000000000e+00
4.396052084402571436e-06 7.822398103051445665e-06 0.000000000000000000e+00 1.265108465850284594e-03
0.000000000000000000e+00 0.000000000000000000e+00 0.000000000000000000e+00 0.000000000000000000e+00
1.968715180584006304e-03 2.640178285846637996e-03 2.661064934117017278e-01 1.643626674655475611e-03
0.000000000000000000e+00 0.000000000000000000e+00 0.000000000000000000e+00 0.000000000000000000e+00
1.755911029344346397e-01 1.731611722212382243e-01 9.695947269741422847e-01 1.489835308055311169e-01
9.119414195059953598e-03 3.195091576857505070e-03 2.914448493138388236e-03 3.075104121809980884e-03
5.456005902887558004e-03 1.614092879150351607e-03 1.018208618982054678e-03 9.684867779917535500e-04
2.833196677748877484e-03 6.988844800562411634e-04 7.642156959229147277e-04 5.510481367405240145e-04
0.000000000000000000e+00 0.000000000000000000e+00 0.000000000000000000e+00 0.000000000000000000e+00
0.000000000000000000e+00 3.290210640557181959e-03 3.287135047228248279e-03 3.167396527239216969e-02
1.007841257883361347e-01 7.752371151653753012e-02 3.911403950306083788e-01 1.048789321675550196e-01
3.035600737697569107e-01 7.364825447362269850e-01 1.188281249999999928e-01 1.395465936756264957e-01
0.000000000000000000e+00 0.000000000000000000e+00 0.000000000000000000e+00 0.000000000000000000e+00
